5725715
3502421
9967916
3742935
4209023
3548145
6652535
2625366
6673247
9511968
6601830
9557773
4417808
6798763
3207107
9686585
7609490
4016276
2737300
3798505
4496404
4241415
6800120
3283221
7718270
6671252
2873825
5674642
4023858
9453179
7545301
8345995
1003774
5071282
6566769
1551530
7885872
4870932
7802113
2410635
8346151
1706918
3513216
5926424
2931003
5214535
5082097
5686403
7453515
8811079
8284192
8578185
2233018
8492327
8988525
3092266
1143741
1524372
2041261
2751497
6478736
1758723
4627707
4819392
3965992
1054483
6053774
8332587
4315670
6441537
6448848
1676427
5093978
5108362
8112687
2126069
5085484
6411806
1285001
7667443
9444316
5011517
2679321
2026543
9240600
5138753
3727540
5573570
1559044
7467529
2930133
2676975
2526687
3756575
3414328
7787495
6602167
7944853
8525639
3249730
4762406
4789049
1148403
7839586
6359308
5593482
4475710
8819590
3827486
7644360
3201383
5799089
5400964
6381593
4000537
5695994
9106858
4256975
3072812
5199786
1544385
2972668
7166267
3844026
1997243
4730288
1412135
3809520
9811855
5721739
3134842
5963640
2067902
4357170
6054401
7558324
8794147
6649632
9696745
3862536
8863912
7713600
7100792
3229973
7813744
7110950
3500695
3341061
4867485
8448978
4086667
3228798
9083238
1553705
9785926
3370819
7912189
9353316
5459523
7426080
1597950
1584377
3206447
3458416
4453431
3293921
6872395
6950108
6852229
1860620
3738526
4024844
5192867
3339938
4796624
6050894
3808141
4245465
3702269
6861566
2522837
5773433
4036456
2005080
4269308
7856853
2849836
8593862
6587060
4974722
7112551
7572796
6542810
3170524
9798819
5789514
3118635
3139464
4032808
7488913
3083553
5360139
1726018
7738909
1962628
9274702
9129092
4689754
4585046
5221131
7631650
2579488
2020697
2232967
5948800
2952837
7232885
3542076
9790770
8923458
5424310
4892978
4374532
4392380
2638134
3697154
4950113
3002825
3005077
8795610
5610915
4929941
2725861
1831815
7586196
8541971
5644116
9879828
1373589
2433405
9823133
3916486
7128895
3021825
8821674
8805843
7363173
8219309
7874148
1380716
5817631
2410969
6151038
5132410
4952968
3423635
2117804
5437300
6058708
7954267
6562061
9812133
2000170
6343293
4269144
1566314
6730345
3454909
7761083
2950421
6152091
9417643
8282169
6913075
6130974
1816462
6018760
2090294
2871902
1794093
1939768
9941450
4491610
1810976
6416615
1713118
7816715
2928476
1753253
9592729
1846994
8011869
1541533
4570101
9533229
3532736
5748986
8844556
6984089
4957650
7841135
1963935
5829249
2831199
1974056
3105200
7511524
7633032
6371516
9699429
3312942
2944906
1863120
9980845
4639882
8230247
1614960
1157520
7241330
9014561
7653172
4903407
1687675
8385863
1350232
7930403
9252344
8608367
7416308
5156930
5190138
5668255
7037894
7627447
3796941
3569406
4583895
4625026
7153523
9859761
6528397
7769535
1828791
5013601
1972239
3526708
4811423
1818406
7543831
7827841
6661306
9258347
6014502
4261040
1775663
1571030
2253169
7997962
2280643
8900257
8995275
7026578
7141202
1483034
6731903
6102770
9800689
6296242
9321971
1680453
1439575
3291505
5150455
4824720
1350192
2386494
4390857
7271565
5485170
5076302
2966621
1272742
8472469
3506895
4395247
8752242
4033171
8174058
1356079
9934952
3694033
3423811
6627634
9563509
5844378
4226347
5081602
7781355
1873070
5363848
5246878
4243869
1640456
6003383
6734351
9748728
8577571
5471901
3176982
1892274
9845380
4652097
3382924
9780962
1361310
5933432
2167001
5488020
7438899
8581450
8076684
2555143
2349428
4943437
8709443
6310895
4793396
4042636
7631730
1922046
6676269
8581399
3489286
9310882
5541451
4873831
3162856
3133983
8944873
8965054
4764343
2792688
8424164
9531523
4240990
1295481
1896790
1275052
5846351
9039340
3309825
3810392
2645791
8109763
9443912
8707158
5453921
6596374
8280409
2025829
5278654
5659274
7809894
9381465
4696807
5952552
6297560
2838153
1544393
8427027
3465407
6246394
9987701
3199513
3808118
7833978
6745392
9074350
5459964
1719917
5174554
4860249
5152063
1602976
6669572
7900250
6407279
6425391
4636871
8445689
2552311
5741491
9883160
2373092
5018332
1130438
1190678
8083220
4658894
4697060
9206698
4189878
7063086
5839091
2661599
8292349
3037817
2828852
4331203
4948862
1177868
3999961
7956025
3310496
3582411
8108763
6896690
2157075
5340052
9040173
5460050
5844872
1309541
2207612
1087108
7265554
3594945
9471753
5400487
7024545
8179866
5892389
3356917
8373129
4019134
9723580
2322604
3403271
6499026
4497428
1452409
8999144
7075247
9222190
2803369
8803286
9543927
5358748
1774643
8839384
2300756
1129644
1789891
6092074
9833108
7461157
2531114
1625520
7077087
6254487
2357597
8371691
2103365
4659030
3122510
8955727
9699788
6076240
4279241
5996581
6244875
2008596
3070606
4163575
6145849
2952666
7225867
1338115
2137741
3121220
8868398
1430747
9431953
7637441
3530906
7072798
8029459
2778616
5333317
5957382
2826326
2193085
4472983
9567780
1954091
4565862
3772369
2628487
2971013
6053140
5092938
9508547
2583110
4901548
1890485
8456474
9312686
4090325
4919639
9562530
8058447
7700416
8088417
2948722
5409089
9173981
7112321
4713382
2852577
1896931
6988363
6865683
4889574
2024297
6901305
7283200
8695082
5912863
2262984
7673890
1108630
3269421
5706683
8645421
8667713
8696525
8233067
9101614
7734169
9320119
9088272
8581040
1086204
9102269
1629139
6306474
4248430
5303675
2020131
5923603
6282485
9465145
5409383
2260676
9844270
8235473
5091148
2454748
8715139
5823222
2694813
2058914
7742148
6941910
8880810
6607324
7177537
9870216
8034725
4894847
7187152
1039442
7613835
4676557
9002345
5342722
8796731
9090338
3290061
5181304
1034536
1280124
4266355
7813575
4263742
6511888
7247332
8680899
1376003
5652978
4341540
6343233
9212302
6415509
3878030
9733524
9594235
1445048
5048477
7764849
1819076
1987805
5835070
3660032
6533099
2452831
6137174
8375318
4888116
4393012
8272320
9000408
4248472
6607173
2351823
6889605
7795105
8485290
2482717
8543491
5049905
3829148
1997975
3767855
5045926
5383558
6295792
3011339
8553091
8972348
3670545
3789527
6159584
3276526
7908801
7952750
1555981
5913105
1450840
1230264
5260843
8640831
4779992
2770884
9334070
2983457
7307616
7920069
2092956
6456713
4659487
3289951
8507644
9716638
8519454
8358478
4780163
9567397
9814367
7961710
1118115
6844136
8377151
9254048
7873819
8273601
6021516
2925212
7362847
2525776
3592185
5833335
9462437
3367665
3588833
1590236
7204241
3334908
2850767
9066550
6618492
3778814
5342271
7592495
4452158
1559670
4229493
2410130
8962252
3515590
2205262
3737544
4387552
9535946
1481870
6020226
8401244
2569197
7295192
3245615
8136818
6013686
6671583
8136134
3281715
3352668
1275132
6450488
9309785
7697293
6559358
6390810
4962204
7276415
6865563
6504865
1607582
3819015
6077311
3092622
7203702
1388549
9435091
9004925
1371561
5449097
6540143
6807052
8897656
9507080
5368382
2728665
3582444
2941817
1533911
2664786
6950013
1781919
9809831
4067132
7469654
4732291
3904802
5688682
5707958
2308793
8085790
5314703
4252543
